<?xml version="1.0" encoding="utf-8"?>
<COLLADA xmlns="http://www.collada.org/2005/11/COLLADASchema" version="1.4.1">
  <asset>
    <contributor>
      <author>Mixamo</author>
      <authoring_tool>COLLADA Mixamo exporter</authoring_tool>
      <comments/>
    </contributor>
    <created>2025-11-20T08:18:33Z</created>
    <modified>2025-11-20T08:18:33Z</modified>
    <revision/>
    <title/>
    <unit meter="0.010000"/>
    <up_axis>Y_UP</up_axis>
  </asset>
  <library_animations>
    <animation id="mixamorig_Hips-anim" name="mixamorig_Hips">
      <source id="mixamorig_Hips-Matrix-animation-input">
        <float_array id="mixamorig_Hips-Matrix-animation-input-array" count="43">

0.000000 0.033333 0.066667 0.100000 0.133333 0.166667 0.200000 0.233333 0.266667 0.300000 0.333333 0.366667 0.400000 0.433333 0.466667 0.500000
0.533333 0.566667 0.600000 0.633333 0.666667 0.700000 0.733333 0.766667 0.800000 0.833333 0.866667 0.900000 0.933333 0.966667 1.000000 1.033333
1.066667 1.100000 1.133333 1.166667 1.200000 1.233333 1.266667 1.300000 1.333333 1.366667 1.400000</float_array>
        <technique_common>
          <accessor source="#mixamorig_Hips-Matrix-animation-input-array" count="43">
            <param name="TIME" type="float"/>
          </accessor>
        </technique_common>
      </source>
      <source id="mixamorig_Hips-Matrix-animation-output-transform">
        <float_array id="mixamorig_Hips-Matrix-animation-output-transform-array" count="688">

0.991598 -0.073578 0.106391 3.455302 0.086059 0.989287 -0.117919 85.192383 -0.096575 0.126084 0.987307 1.994058 0.000000 0.000000 0.000000 1.000000
0.991548 -0.085060 0.097965 2.997342 0.094573 0.990787 -0.096943 85.944160 -0.088816 0.105389 0.990457 1.998564 0.000000 0.000000 0.000000 1.000000
0.991972 -0.091425 0.087369 2.625743 0.099000 0.991303 -0.086700 86.213989 -0.078682 0.094654 0.992396 1.874753 0.000000 0.000000 0.000000 1.000000
0.992999 -0.093839 0.071750 2.339024 0.100005 0.991103 -0.087824 86.097374 -0.062870 0.094384 0.993549 1.578557 0.000000 0.000000 0.000000 1.000000
0.994252 -0.094269 0.050756 2.107618 0.098774 0.990553 -0.095118 85.769455 -0.041309 0.099585 0.994171 1.089745 0.000000 0.000000 0.000000 1.000000
0.995129 -0.094853 0.026844 1.881946 0.097134 0.989940 -0.102874 85.243011 -0.016816 0.104981 0.994332 0.409503 0.000000 0.000000 0.000000 1.000000
0.995490 -0.094831 0.002420 1.670741 0.094531 0.989565 -0.108745 84.432411 0.007917 0.108484 0.994067 -0.359880 0.000000 0.000000 0.000000 1.000000
0.995531 -0.091513 -0.023324 1.551283 0.088301 0.989578 -0.113744 83.283592 0.033490 0.111176 0.993236 -1.028540 0.000000 0.000000 0.000000 1.000000
0.994888 -0.085274 -0.054097 1.560821 0.078227 0.989544 -0.121173 81.845016 0.063864 0.116321 0.991156 -1.467920 0.000000 0.000000 0.000000 1.000000
0.992567 -0.079001 -0.092574 1.816475 0.065985 0.988497 -0.136086 80.174728 0.102260 0.128966 0.986362 -1.379838 0.000000 0.000000 0.000000 1.000000
0.987465 -0.076007 -0.138334 2.391130 0.053136 0.985343 -0.162098 77.752403 0.148627 0.152716 0.977030 -0.345479 0.000000 0.000000 0.000000 1.000000
0.979958 -0.080541 -0.182197 2.965573 0.044302 0.979830 -0.194858 75.127960 0.194216 0.182881 0.963761 1.051620 0.000000 0.000000 0.000000 1.000000
0.973506 -0.089754 -0.210309 3.329616 0.042082 0.974357 -0.221036 72.496353 0.224755 0.206330 0.952320 1.960044 0.000000 0.000000 0.000000 1.000000
0.971306 -0.099111 -0.216200 3.342735 0.048358 0.972345 -0.228487 70.586983 0.232867 0.211476 0.949237 1.599275 0.000000 0.000000 0.000000 1.000000
0.972665 -0.102847 -0.208194 3.494076 0.056366 0.974326 -0.217972 69.775597 0.225267 0.200278 0.953490 1.095182 0.000000 0.000000 0.000000 1.000000
0.975165 -0.102858 -0.196145 3.584990 0.062453 0.977384 -0.202039 70.088448 0.212491 0.184772 0.959535 0.555670 0.000000 0.000000 0.000000 1.000000
0.977907 -0.099559 -0.183810 3.599342 0.063596 0.979314 -0.192093 71.451843 0.199132 0.176159 0.964010 0.292499 0.000000 0.000000 0.000000 1.000000
0.981450 -0.090756 -0.168875 3.729152 0.058318 0.980440 -0.187979 73.606842 0.182632 0.174644 0.967546 0.451907 0.000000 0.000000 0.000000 1.000000
0.985832 -0.073205 -0.150920 4.048172 0.045115 0.982305 -0.181775 76.111008 0.161556 0.172391 0.971690 1.015623 0.000000 0.000000 0.000000 1.000000
0.989813 -0.047486 -0.134223 4.504812 0.024382 0.985348 -0.168803 78.682838 0.140272 0.163811 0.976468 1.877119 0.000000 0.000000 0.000000 1.000000
0.992250 -0.018003 -0.122944 5.042211 -0.000987 0.988275 -0.152679 81.134087 0.124251 0.151617 0.980599 2.974194 0.000000 0.000000 0.000000 1.000000
0.993375 0.009612 -0.114516 5.654551 -0.025862 0.989632 -0.141278 83.317352 0.111971 0.143303 0.983324 4.227517 0.000000 0.000000 0.000000 1.000000
0.994311 0.030140 -0.102159 6.302191 -0.043647 0.990198 -0.132674 85.229813 0.097159 0.136378 0.985881 5.436318 0.000000 0.000000 0.000000 1.000000
0.995597 0.044043 -0.082740 7.053520 -0.054394 0.990368 -0.127326 86.524361 0.076336 0.131265 0.988404 6.433015 0.000000 0.000000 0.000000 1.000000
0.996769 0.053479 -0.059933 7.719282 -0.060581 0.990465 -0.123733 87.305588 0.052745 0.126964 0.990504 7.210227 0.000000 0.000000 0.000000 1.000000
0.997575 0.059609 -0.035939 8.260076 -0.063548 0.990635 -0.120851 87.486641 0.028399 0.122841 0.992020 7.841718 0.000000 0.000000 0.000000 1.000000
0.997916 0.063453 -0.011695 8.712429 -0.064393 0.990856 -0.118562 86.849686 0.004065 0.119068 0.992878 8.208493 0.000000 0.000000 0.000000 1.000000
0.997884 0.063940 0.011837 9.074295 -0.062128 0.991216 -0.116754 85.184540 -0.019199 0.115771 0.993090 8.152474 0.000000 0.000000 0.000000 1.000000
0.997635 0.060136 0.033302 9.335328 -0.055925 0.991734 -0.115483 82.451118 -0.039971 0.113347 0.992751 7.692759 0.000000 0.000000 0.000000 1.000000
0.997477 0.051227 0.049139 9.169545 -0.045149 0.992022 -0.117703 79.238441 -0.054776 0.115187 0.991832 7.291977 0.000000 0.000000 0.000000 1.000000
0.997071 0.040118 0.065120 8.687273 -0.031973 0.992060 -0.121630 75.734428 -0.069482 0.119192 0.990437 7.225521 0.000000 0.000000 0.000000 1.000000
0.996363 0.029056 0.080100 8.058254 -0.018665 0.991657 -0.127547 72.526939 -0.083137 0.125588 0.988593 7.314037 0.000000 0.000000 0.000000 1.000000
0.995818 0.022317 0.088593 7.446977 -0.009886 0.990334 -0.138349 70.755074 -0.090824 0.136895 0.986413 6.766320 0.000000 0.000000 0.000000 1.000000
0.995228 0.018460 0.095811 7.030536 -0.003698 0.988371 -0.152019 70.049240 -0.097503 0.150939 0.983723 5.602373 0.000000 0.000000 0.000000 1.000000
0.994614 0.015591 0.102469 6.888248 0.001393 0.986522 -0.163621 70.191246 -0.103639 0.162883 0.981187 4.083283 0.000000 0.000000 0.000000 1.000000
0.994174 0.012052 0.107110 6.842079 0.006472 0.985262 -0.170927 71.282883 -0.107592 0.170624 0.979444 2.652730 0.000000 0.000000 0.000000 1.000000
0.993757 0.005779 0.111420 6.679186 0.013849 0.984544 -0.174586 73.250496 -0.110707 0.175039 0.978317 1.722617 0.000000 0.000000 0.000000 1.000000
0.993253 -0.004302 0.115892 6.276150 0.024799 0.984076 -0.176009 75.642731 -0.113289 0.177695 0.977543 1.400705 0.000000 0.000000 0.000000 1.000000
0.992805 -0.017599 0.118441 5.702397 0.038355 0.983764 -0.175318 78.100113 -0.113433 0.178600 0.977361 1.422776 0.000000 0.000000 0.000000 1.000000
0.992263 -0.030378 0.120376 5.110230 0.050875 0.983948 -0.171051 80.392395 -0.113247 0.175852 0.977881 1.563779 0.000000 0.000000 0.000000 1.000000
0.991902 -0.043374 0.119372 4.538212 0.062679 0.984623 -0.163058 82.359146 -0.110464 0.169220 0.979368 1.767902 0.000000 0.000000 0.000000 1.000000
0.991763 -0.058387 0.114008 3.981561 0.074503 0.986966 -0.142647 83.984383 -0.104193 0.149966 0.983186 1.924492 0.000000 0.000000 0.000000 1.000000
0.991615 -0.073520 0.106273 3.454588 0.085987 0.989291 -0.117936 85.193352 -0.096464 0.126086 0.987318 2.024579 0.000000 0.000000 0.000000 1.000000</float_array>
        <technique_common>
          <accessor source="#mixamorig_Hips-Matrix-animation-output-transform-array" count="43" stride="16">
            <param type="float4x4"/>
          </accessor>
        </technique_common>
      </source>
      <source id="mixamorig_Hips-Interpolations">
        <Name_array id="mixamorig_Hips-Interpolations-array" count="43">
 LINEAR LINEAR LINEAR LINEAR LINEAR LINEAR LINEAR LINEAR LINEAR LINEAR LINEAR
LINEAR LINEAR LINEAR LINEAR LINEAR LINEAR LINEAR LINEAR LINEAR LINEAR LINEAR LINEAR
LINEAR LINEAR LINEAR LINEAR LINEAR LINEAR LINEAR LINEAR LINEAR LINEAR LINEAR LINEAR
LINEAR LINEAR LINEAR LINEAR LINEAR LINEAR LINEAR LINEAR</Name_array>
        <technique_common>
          <accessor source="#mixamorig_Hips-Interpolations-array" count="43">
            <param type="name"/>
          </accessor>
        </technique_common>
      </source>
      <sampler id="mixamorig_Hips-Matrix-animation-transform">
        <input semantic="INPUT" source="#mixamorig_Hips-Matrix-animation-input"/>
        <input semantic="OUTPUT" source="#mixamorig_Hips-Matrix-animation-output-transform"/>
        <input semantic="INTERPOLATION" source="#mixamorig_Hips-Interpolations"/>
      </sampler>
      <channel source="#mixamorig_Hips-Matrix-animation-transform" target="mixamorig_Hips/matrix"/>
    </animation>
    <animation id="mixamorig_Spine-anim" name="mixamorig_Spine">
      <source id="mixamorig_Spine-Matrix-animation-input">
        <float_array id="mixamorig_Spine-Matrix-animation-input-array" count="43">

0.000000 0.033333 0.066667 0.100000 0.133333 0.166667 0.200000 0.233333 0.266667 0.300000 0.333333 0.366667 0.400000 0.433333 0.466667 0.500000
0.533333 0.566667 0.600000 0.633333 0.666667 0.700000 0.733333 0.766667 0.800000 0.833333 0.866667 0.900000 0.933333 0.966667 1.000000 1.033333
1.066667 1.100000 1.133333 1.166667 1.200000 1.233333 1.266667 1.300000 1.333333 1.366667 1.400000</float_array>
        <technique_common>
          <accessor source="#mixamorig_Spine-Matrix-animation-input-array" count="43">
            <param name="TIME" type="float"/>
          </accessor>
        </technique_common>
      </source>
      <source id="mixamorig_Spine-Matrix-animation-output-transform">
        <float_array id="mixamorig_Spine-Matrix-animation-output-transform-array" count="688">

0.999580 -0.012930 0.025917 -0.000000 0.016168 0.991526 -0.128896 13.784800 -0.024031 0.129261 0.991319 0.064400 0.000000 0.000000 0.000000 1.000000
0.999373 -0.004564 0.035119 0.000000 0.009186 0.991128 -0.132596 13.784800 -0.034202 0.132835 0.990548 0.064400 0.000000 0.000000 0.000000 1.000000
0.999076 0.002436 0.042906 0.000000 0.003415 0.990736 -0.135760 13.784800 -0.042839 0.135781 0.989812 0.064400 0.000000 0.000000 0.000000 1.000000
0.998725 0.008466 0.049768 0.000000 -0.001548 0.990512 -0.137418 13.784800 -0.050459 0.137166 0.989262 0.064400 0.000000 0.000000 0.000000 1.000000
0.998341 0.014499 0.055725 0.000000 -0.006681 0.990411 -0.137993 13.784800 -0.057191 0.137391 0.988864 0.064400 0.000000 0.000000 0.000000 1.000000
0.997923 0.021584 0.060687 0.000000 -0.013010 0.990309 -0.138274 13.784800 -0.063083 0.137197 0.988533 0.064400 0.000000 0.000000 0.000000 1.000000
0.997483 0.027938 0.065171 -0.000000 -0.018680 0.990176 -0.138571 13.784800 -0.068403 0.137004 0.988206 0.064400 0.000000 0.000000 0.000000 1.000000
0.997058 0.030836 0.070175 0.000000 -0.020842 0.990082 -0.138935 13.784800 -0.073763 0.137064 0.987812 0.064400 0.000000 0.000000 0.000000 1.000000
0.996633 0.031716 0.075604 -0.000000 -0.020907 0.989974 -0.139697 13.784800 -0.079277 0.137646 0.987304 0.064400 0.000000 0.000000 0.000000 1.000000
0.996235 0.033703 0.079877 0.000000 -0.022185 0.989771 -0.140927 13.784800 -0.083810 0.138624 0.986792 0.064400 0.000000 0.000000 0.000000 1.000000
0.995751 0.037790 0.083975 0.000000 -0.025604 0.989575 -0.141721 13.784800 -0.088456 0.138969 0.986338 0.064400 0.000000 0.000000 0.000000 1.000000
0.995156 0.043912 0.087959 0.000000 -0.031179 0.989486 -0.141229 13.784800 -0.093235 0.137803 0.986062 0.064400 0.000000 0.000000 0.000000 1.000000
0.994819 0.047683 0.089783 0.000000 -0.034804 0.989554 -0.139898 13.784800 -0.095515 0.136049 0.986087 0.064400 0.000000 0.000000 0.000000 1.000000
0.995080 0.048549 0.086365 0.000000 -0.036164 0.989549 -0.139586 13.784800 -0.092239 0.135776 0.986436 0.064400 0.000000 0.000000 0.000000 1.000000
0.995809 0.046282 0.078881 0.000000 -0.034844 0.989444 -0.140663 13.784800 -0.084559 0.137325 0.986910 0.064400 0.000000 0.000000 0.000000 1.000000
0.996766 0.044468 0.066931 -0.000000 -0.034639 0.989340 -0.141446 13.784800 -0.072507 0.138670 0.987681 0.064400 0.000000 0.000000 0.000000 1.000000
0.997754 0.042717 0.051605 0.000000 -0.035109 0.989493 -0.140257 13.784800 -0.057054 0.138130 0.988769 0.064400 0.000000 0.000000 0.000000 1.000000
0.998623 0.039405 0.034642 0.000000 -0.034288 0.989894 -0.137602 13.784800 -0.039714 0.136225 0.989882 0.064400 0.000000 0.000000 0.000000 1.000000
0.999265 0.033811 0.018058 -0.000000 -0.031070 0.990358 -0.135000 13.784800 -0.022448 0.134339 0.990681 0.064400 0.000000 0.000000 0.000000 1.000000
0.999605 0.027982 0.002675 0.000000 -0.027378 0.990756 -0.132868 13.784800 -0.006368 0.132742 0.991130 0.064400 0.000000 0.000000 0.000000 1.000000
0.999656 0.023684 -0.011290 -0.000000 -0.024956 0.991138 -0.130474 13.784800 0.008100 0.130711 0.991387 0.064400 0.000000 0.000000 0.000000 1.000000
0.999513 0.019753 -0.024172 0.000000 -0.022676 0.991601 -0.127329 13.784800 0.021454 0.127815 0.991566 0.064400 0.000000 0.000000 0.000000 1.000000
0.999229 0.014831 -0.036344 -0.000000 -0.019232 0.992109 -0.123893 13.784800 0.034219 0.124497 0.991630 0.064400 0.000000 0.000000 0.000000 1.000000
0.998864 0.006032 -0.047264 0.000000 -0.011869 0.992184 -0.124215 13.784800 0.046146 0.124634 0.991129 0.064400 0.000000 0.000000 0.000000 1.000000
0.998427 -0.003883 -0.055935 0.000000 -0.003202 0.992024 -0.126012 13.784800 0.055978 0.125993 0.990451 0.064400 0.000000 0.000000 0.000000 1.000000
0.998053 -0.014741 -0.060603 -0.000000 0.006827 0.991650 -0.128778 13.784800 0.061995 0.128113 0.989820 0.064400 0.000000 0.000000 0.000000 1.000000
0.997729 -0.026389 -0.061979 0.000000 0.018006 0.991072 -0.132110 13.784800 0.064912 0.130694 0.989295 0.064400 0.000000 0.000000 0.000000 1.000000
0.997349 -0.036902 -0.062720 0.000000 0.028123 0.990380 -0.135486 13.784800 0.067116 0.133363 0.988792 0.064400 0.000000 0.000000 0.000000 1.000000
0.996953 -0.045179 -0.063588 -0.000000 0.036018 0.989710 -0.138480 13.784800 0.069190 0.135768 0.988322 0.064400 0.000000 0.000000 0.000000 1.000000
0.996684 -0.047644 -0.065958 0.000000 0.038021 0.989400 -0.140147 13.784800 0.071937 0.137175 0.987931 0.064400 0.000000 0.000000 0.000000 1.000000
0.996370 -0.047237 -0.070819 -0.000000 0.036846 0.989260 -0.141446 13.784800 0.076740 0.138323 0.987410 0.064400 0.000000 0.000000 0.000000 1.000000
0.996050 -0.045684 -0.076143 0.000000 0.034459 0.989165 -0.142706 13.784800 0.081838 0.139518 0.986832 0.064400 0.000000 0.000000 0.000000 1.000000
0.996117 -0.044269 -0.076104 -0.000000 0.032924 0.988980 -0.144340 13.784800 0.081655 0.141274 0.986597 0.064400 0.000000 0.000000 0.000000 1.000000
0.996365 -0.043976 -0.072953 0.000000 0.032917 0.988677 -0.146401 13.784800 0.078565 0.143468 0.986532 0.064400 0.000000 0.000000 0.000000 1.000000
0.996769 -0.045179 -0.066412 0.000000 0.034912 0.988319 -0.148346 13.784800 0.072339 0.145548 0.986703 0.064400 0.000000 0.000000 0.000000 1.000000
0.997393 -0.046565 -0.055124 -0.000000 0.037855 0.988010 -0.149680 13.784800 0.061432 0.147203 0.987197 0.064400 0.000000 0.000000 0.000000 1.000000
0.998047 -0.046997 -0.041157 -0.000000 0.040358 0.987943 -0.149467 13.784800 0.047685 0.147514 0.987910 0.064400 0.000000 0.000000 0.000000 1.000000
0.998590 -0.044960 -0.028215 0.000000 0.040331 0.988260 -0.147360 13.784800 0.034509 0.146015 0.988680 0.064400 0.000000 0.000000 0.000000 1.000000
0.999000 -0.041250 -0.017264 -0.000000 0.038380 0.989071 -0.142357 13.784800 0.022948 0.141552 0.989665 0.064400 0.000000 0.000000 0.000000 1.000000
0.999391 -0.034146 -0.007149 0.000000 0.032867 0.990265 -0.135256 13.784800 0.011698 0.134939 0.990785 0.064400 0.000000 0.000000 0.000000 1.000000
0.999588 -0.028431 0.003815 -0.000000 0.028686 0.991199 -0.129236 13.784800 -0.000107 0.129293 0.991606 0.064400 0.000000 0.000000 0.000000 1.000000
0.999651 -0.021530 0.015298 0.000000 0.023302 0.991621 -0.127059 13.784800 -0.012434 0.127371 0.991777 0.064400 0.000000 0.000000 0.000000 1.000000
0.999577 -0.012984 0.026042 0.000000 0.016237 0.991524 -0.128904 13.784800 -0.024147 0.129272 0.991315 0.064400 0.000000 0.000000 0.000000 1.000000</float_array>
        <technique_common>
          <accessor source="#mixamorig_Spine-Matrix-animation-output-transform-array" count="43" stride="16">
            <param type="float4x4"/>
          </accessor>
        </technique_common>
      </source>
      <source id="mixamorig_Spine-Interpolations">
        <Name_array id="mixamorig_Spine-Interpolations-array" count="43">
 LINEAR LINEAR LINEAR LINEAR LINEAR LINEAR LINEAR LINEAR LINEAR LINEAR LINEAR
LINEAR LINEAR LINEAR LINEAR LINEAR LINEAR LINEAR LINEAR LINEAR LINEAR LINEAR LINEAR
LINEAR LINEAR LINEAR LINEAR LINEAR LINEAR LINEAR LINEAR LINEAR LINEAR LINEAR LINEAR
LINEAR LINEAR LINEAR LINEAR LINEAR LINEAR LINEAR LINEAR</Name_array>
        <technique_common>
          <accessor source="#mixamorig_Spine-Interpolations-array" count="43">
            <param type="name"/>
          </accessor>
        </technique_common>
      </source>
      <sampler id="mixamorig_Spine-Matrix-animation-transform">
        <input semantic="INPUT" source="#mixamorig_Spine-Matrix-animation-input"/>
        <input semantic="OUTPUT" source="#mixamorig_Spine-Matrix-animation-output-transform"/>
        <input semantic="INTERPOLATION" source="#mixamorig_Spine-Interpolations"/>
      </sampler>
      <channel source="#mixamorig_Spine-Matrix-animation-transform" target="mixamorig_Spine/matrix"/>
    </animation>
    <animation id="mixamorig_Spine1-anim" name="mixamorig_Spine1">
      <source id="mixamorig_Spine1-Matrix-animation-input">
        <float_array id="mixamorig_Spine1-Matrix-animation-input-array" count="43">

0.000000 0.033333 0.066667 0.100000 0.133333 0.166667 0.200000 0.233333 0.266667 0.300000 0.333333 0.366667 0.400000 0.433333 0.466667 0.500000
0.533333 0.566667 0.600000 0.633333 0.666667 0.700000 0.733333 0.766667 0.800000 0.833333 0.866667 0.900000 0.933333 0.966667 1.000000 1.033333
1.066667 1.100000 1.133333 1.166667 1.200000 1.233333 1.266667 1.300000 1.333333 1.366667 1.400000</float_array>
        <technique_common>
          <accessor source="#mixamorig_Spine1-Matrix-animation-input-array" count="43">
            <param name="TIME" type="float"/>
          </accessor>
        </technique_common>
      </source>
      <source id="mixamorig_Spine1-Matrix-animation-output-transform">
        <float_array id="mixamorig_Spine1-Matrix-animation-output-transform-array" count="688">

0.998504 0.038566 0.038768 0.000000 -0.031092 0.983600 -0.177666 12.024300 -0.044984 0.176195 0.983327 -0.000000 0.000000 0.000000 0.000000 1.000000
0.996908 0.052672 0.058316 0.000000 -0.040970 0.981645 -0.186264 12.024300 -0.067056 0.183298 0.980768 0.000000 0.000000 0.000000 0.000000 1.000000
0.995315 0.062393 0.073855 -0.000000 -0.047056 0.979932 -0.193697 12.024300 -0.084459 0.189315 0.978277 0.000000 0.000000 0.000000 0.000000 1.000000
0.993847 0.068324 0.087180 0.000000 -0.049927 0.978925 -0.198025 12.024300 -0.098872 0.192454 0.976312 0.000000 0.000000 0.000000 0.000000 1.000000
0.992446 0.071926 0.099384 0.000000 -0.050883 0.978470 -0.200019 12.024300 -0.111631 0.193451 0.974739 0.000000 0.000000 0.000000 0.000000 1.000000
0.991146 0.074461 0.109930 -0.000000 -0.051163 0.978195 -0.201289 12.024300 -0.122521 0.193883 0.973344 -0.000000 0.000000 0.000000 0.000000 1.000000
0.990046 0.076950 0.117848 -0.000000 -0.051824 0.977790 -0.203080 12.024300 -0.130858 0.194951 0.972044 0.000000 0.000000 0.000000 0.000000 1.000000
0.989110 0.080159 0.123434 -0.000000 -0.053459 0.977063 -0.206133 12.024300 -0.137126 0.197289 0.970708 0.000000 0.000000 0.000000 0.000000 1.000000
0.988095 0.084613 0.128488 0.000000 -0.056234 0.976021 -0.210288 12.024300 -0.143200 0.200559 0.969159 -0.000000 0.000000 0.000000 0.000000 1.000000
0.986728 0.091085 0.134426 0.000000 -0.060863 0.974964 -0.213870 12.024300 -0.150541 0.202850 0.967569 0.000000 0.000000 0.000000 0.000000 1.000000
0.985030 0.100636 0.139959 -0.000000 -0.069037 0.974250 -0.214642 12.024300 -0.157955 0.201766 0.966613 0.000000 0.000000 0.000000 0.000000 1.000000
0.983483 0.112923 0.141453 -0.000000 -0.081245 0.973777 -0.212503 12.024300 -0.161740 0.197501 0.966868 -0.000000 0.000000 0.000000 0.000000 1.000000
0.982756 0.124794 0.136441 -0.000000 -0.094360 0.973064 -0.210340 12.024300 -0.159015 0.193838 0.968060 0.000000 0.000000 0.000000 0.000000 1.000000
0.983211 0.131755 0.126242 -0.000000 -0.103172 0.972036 -0.210953 12.024300 -0.150506 0.194386 0.969310 0.000000 0.000000 0.000000 0.000000 1.000000
0.984766 0.131142 0.114179 -0.000000 -0.104626 0.971367 -0.213305 12.024300 -0.138883 0.198109 0.970291 0.000000 0.000000 0.000000 0.000000 1.000000
0.987183 0.123265 0.101366 -0.000000 -0.099475 0.971941 -0.213156 12.024300 -0.124796 0.200340 0.971746 0.000000 0.000000 0.000000 0.000000 1.000000
0.990252 0.109603 0.085952 0.000000 -0.089738 0.973981 -0.208107 12.024300 -0.106525 0.198365 0.974322 0.000000 0.000000 0.000000 0.000000 1.000000
0.993714 0.090781 0.065512 0.000000 -0.076050 0.976832 -0.200039 12.024300 -0.082154 0.193800 0.977595 0.000000 0.000000 0.000000 0.000000 1.000000
0.996946 0.067102 0.039959 0.000000 -0.058227 0.979609 -0.192290 12.024300 -0.052047 0.189376 0.980524 0.000000 0.000000 0.000000 0.000000 1.000000
0.999123 0.040168 0.011840 0.000000 -0.037196 0.981122 -0.189780 12.024300 -0.019240 0.189173 0.981755 0.000000 0.000000 0.000000 0.000000 1.000000
0.999790 0.012924 -0.015904 0.000000 -0.015699 0.981853 -0.188994 12.024300 0.013173 0.189204 0.981849 0.000000 0.000000 0.000000 0.000000 1.000000
0.999061 -0.011842 -0.041676 -0.000000 0.003739 0.981898 -0.189372 12.024300 0.043164 0.189038 0.981021 0.000000 0.000000 0.000000 0.000000 1.000000
0.997354 -0.032710 -0.064927 -0.000000 0.019799 0.981516 -0.190355 12.024300 0.069953 0.188566 0.979566 0.000000 0.000000 0.000000 0.000000 1.000000
0.995162 -0.049587 -0.084815 -0.000000 0.032570 0.980977 -0.191373 12.024300 0.092691 0.187685 0.977846 0.000000 0.000000 0.000000 0.000000 1.000000
0.992987 -0.062888 -0.100108 -0.000000 0.042712 0.980420 -0.192231 12.024300 0.110237 0.186607 0.976230 0.000000 0.000000 0.000000 0.000000 1.000000
0.991287 -0.071815 -0.110423 -0.000000 0.049370 0.979760 -0.193990 12.024300 0.122120 0.186848 0.974769 -0.000000 0.000000 0.000000 0.000000 1.000000
0.990086 -0.078284 -0.116627 -0.000000 0.054263 0.979005 -0.196483 12.024300 0.129560 0.188206 0.973546 -0.000000 0.000000 0.000000 0.000000 1.000000
0.989281 -0.083601 -0.119724 0.000000 0.058549 0.978194 -0.199269 12.024300 0.133772 0.190124 0.972604 -0.000000 0.000000 0.000000 0.000000 1.000000
0.988719 -0.087647 -0.121459 -0.000000 0.061846 0.977451 -0.201900 12.024300 0.136416 0.192111 0.971846 -0.000000 0.000000 0.000000 0.000000 1.000000
0.988526 -0.089377 -0.121769 0.000000 0.063231 0.976973 -0.203778 12.024300 0.137178 0.193740 0.971415 -0.000000 0.000000 0.000000 0.000000 1.000000
0.988497 -0.090245 -0.121361 0.000000 0.063899 0.976528 -0.205694 12.024300 0.137076 0.195573 0.971062 0.000000 0.000000 0.000000 0.000000 1.000000
0.988663 -0.090237 -0.120014 -0.000000 0.063831 0.976037 -0.208033 12.024300 0.135911 0.198014 0.970731 0.000000 0.000000 0.000000 0.000000 1.000000
0.989303 -0.088143 -0.116233 0.000000 0.062021 0.975353 -0.211755 12.024300 0.132033 0.202281 0.970386 0.000000 0.000000 0.000000 0.000000 1.000000
0.990403 -0.083394 -0.110215 0.000000 0.058007 0.974626 -0.216191 12.024300 0.125447 0.207723 0.970110 0.000000 0.000000 0.000000 0.000000 1.000000
0.991703 -0.076684 -0.103169 0.000000 0.052552 0.974300 -0.219040 12.024300 0.117314 0.211801 0.970246 0.000000 0.000000 0.000000 0.000000 1.000000
0.993334 -0.068061 -0.093036 0.000000 0.046415 0.974923 -0.217646 12.024300 0.105516 0.211877 0.971583 0.000000 0.000000 0.000000 0.000000 1.000000
0.995103 -0.057687 -0.080265 -0.000000 0.039200 0.975762 -0.215296 12.024300 0.090740 0.211096 0.973245 0.000000 0.000000 0.000000 0.000000 1.000000
0.996777 -0.045712 -0.065928 -0.000000 0.030850 0.977004 -0.210979 12.024300 0.074056 0.208265 0.975265 0.000000 0.000000 0.000000 0.000000 1.000000
0.998218 -0.032213 -0.050240 0.000000 0.021485 0.979345 -0.201054 12.024300 0.055679 0.199616 0.978291 0.000000 0.000000 0.000000 0.000000 1.000000
0.999411 -0.012556 -0.031943 0.000000 0.006357 0.982293 -0.187244 12.024300 0.033729 0.186931 0.981794 0.000000 0.000000 0.000000 0.000000 1.000000
0.999943 0.004547 -0.009633 0.000000 -0.006171 0.984374 -0.175984 12.024300 0.008683 0.176033 0.984346 0.000000 0.000000 0.000000 0.000000 1.000000
0.999650 0.021665 0.015173 -0.000000 -0.018721 0.984789 -0.172744 12.024300 -0.018684 0.172400 0.984850 0.000000 0.000000 0.000000 0.000000 1.000000
0.998504 0.038557 0.038768 -0.000000 -0.031083 0.983598 -0.177676 12.024300 -0.044983 0.176205 0.983325 0.000000 0.000000 0.000000 0.000000 1.000000</float_array>
        <technique_common>
          <accessor source="#mixamorig_Spine1-Matrix-animation-output-transform-array" count="43" stride="16">
            <param type="float4x4"/>
          </accessor>
        </technique_common>
      </source>
      <source id="mixamorig_Spine1-Interpolations">
        <Name_array id="mixamorig_Spine1-Interpolations-array" count="43">
 LINEAR LINEAR LINEAR LINEAR LINEAR LINEAR LINEAR LINEAR LINEAR LINEAR LINEAR
LINEAR LINEAR LINEAR LINEAR LINEAR LINEAR LINEAR LINEAR LINEAR LINEAR LINEAR LINEAR
LINEAR LINEAR LINEAR LINEAR LINEAR LINEAR LINEAR LINEAR LINEAR LINEAR LINEAR LINEAR
LINEAR LINEAR LINEAR LINEAR LINEAR LINEAR LINEAR LINEAR</Name_array>
        <technique_common>
          <accessor source="#mixamorig_Spine1-Interpolations-array" count="43">
            <param type="name"/>
          </accessor>
        </technique_common>
      </source>
      <sampler id="mixamorig_Spine1-Matrix-animation-transform">
        <input semantic="INPUT" source="#mixamorig_Spine1-Matrix-animation-input"/>
        <input semantic="OUTPUT" source="#mixamorig_Spine1-Matrix-animation-output-transform"/>
        <input semantic="INTERPOLATION" source="#mixamorig_Spine1-Interpolations"/>
      </sampler>
      <channel source="#mixamorig_Spine1-Matrix-animation-transform" target="mixamorig_Spine1/matrix"/>
    </animation>
    <animation id="mixamorig_Spine2-anim" name="mixamorig_Spine2">
      <source id="mixamorig_Spine2-Matrix-animation-input">
        <float_array id="mixamorig_Spine2-Matrix-animation-input-array" count="43">

0.000000 0.033333 0.066667 0.100000 0.133333 0.166667 0.200000 0.233333 0.266667 0.300000 0.333333 0.366667 0.400000 0.433333 0.466667 0.500000
0.533333 0.566667 0.600000 0.633333 0.666667 0.700000 0.733333 0.766667 0.800000 0.833333 0.866667 0.900000 0.933333 0.966667 1.000000 1.033333
1.066667 1.100000 1.133333 1.166667 1.200000 1.233333 1.266667 1.300000 1.333333 1.366667 1.400000</float_array>
        <technique_common>
          <accessor source="#mixamorig_Spine2-Matrix-animation-input-array" count="43">
            <param name="TIME" type="float"/>
          </accessor>
        </technique_common>
      </source>
      <source id="mixamorig_Spine2-Matrix-animation-output-transform">
        <float_array id="mixamorig_Spine2-Matrix-animation-output-transform-array" count="688">

0.998506 0.037418 0.039808 0.000000 -0.030440 0.986096 -0.163367 17.815800 -0.045368 0.161911 0.985762 0.000000 0.000000 0.000000 0.000000 1.000000
0.996910 0.050976 0.059759 -0.000000 -0.040022 0.984287 -0.171981 17.815800 -0.067587 0.169058 0.983286 0.000000 0.000000 0.000000 0.000000 1.000000
0.995314 0.060300 0.075590 0.000000 -0.045910 0.982703 -0.179410 17.815800 -0.085101 0.175099 0.980866 -0.000000 0.000000 0.000000 0.000000 1.000000
0.993840 0.065923 0.089084 0.000000 -0.048656 0.981775 -0.183716 17.815800 -0.099572 0.178249 0.978934 -0.000000 0.000000 0.000000 0.000000 1.000000
0.992436 0.069270 0.101352 0.000000 -0.049533 0.981359 -0.185691 17.815800 -0.112325 0.179266 0.977367 0.000000 0.000000 0.000000 0.000000 1.000000
0.991136 0.071630 0.111888 0.000000 -0.049800 0.981105 -0.186957 17.815800 -0.123166 0.179728 0.975975 0.000000 0.000000 0.000000 0.000000 1.000000
0.990031 0.074102 0.119778 0.000000 -0.050571 0.980725 -0.188737 17.815800 -0.131455 0.180798 0.974696 0.000000 0.000000 0.000000 0.000000 1.000000
0.989082 0.077473 0.125358 0.000000 -0.052462 0.980041 -0.191749 17.815800 -0.137711 0.183079 0.973405 0.000000 0.000000 0.000000 0.000000 1.000000
0.988049 0.082121 0.130444 0.000000 -0.055517 0.979060 -0.195854 17.815800 -0.143797 0.186271 0.971919 0.000000 0.000000 0.000000 0.000000 1.000000
0.986676 0.088574 0.136476 -0.000000 -0.060215 0.978059 -0.199435 17.815800 -0.151146 0.188560 0.970361 -0.000000 0.000000 0.000000 0.000000 1.000000
0.984994 0.097820 0.142192 -0.000000 -0.068149 0.977364 -0.200286 17.815800 -0.158565 0.187590 0.969364 -0.000000 0.000000 0.000000 0.000000 1.000000
0.983470 0.109805 0.143975 -0.000000 -0.080049 0.976881 -0.198233 17.815800 -0.162414 0.183431 0.969523 0.000000 0.000000 0.000000 0.000000 1.000000
0.982739 0.121727 0.139305 -0.000000 -0.093120 0.976160 -0.196061 17.815800 -0.159850 0.179705 0.970646 -0.000000 0.000000 0.000000 0.000000 1.000000
0.983160 0.129063 0.129382 -0.000000 -0.102143 0.975154 -0.196575 17.815800 -0.151538 0.180050 0.971915 0.000000 0.000000 0.000000 0.000000 1.000000
0.984686 0.128839 0.117451 -0.000000 -0.103793 0.974521 -0.198835 17.815800 -0.140076 0.183600 0.972970 0.000000 0.000000 0.000000 0.000000 1.000000
0.987100 0.121193 0.104620 -0.000000 -0.098662 0.975088 -0.198668 17.815800 -0.126091 0.185783 0.974467 -0.000000 0.000000 0.000000 0.000000 1.000000
0.990181 0.107740 0.089066 -0.000000 -0.088892 0.977037 -0.193640 17.815800 -0.107884 0.183821 0.977021 -0.000000 0.000000 0.000000 0.000000 1.000000
0.993658 0.089290 0.068342 0.000000 -0.075274 0.979738 -0.185602 17.815800 -0.083530 0.179281 0.980245 0.000000 0.000000 0.000000 0.000000 1.000000
0.996911 0.066189 0.042286 -0.000000 -0.057676 0.982356 -0.177903 17.815800 -0.053315 0.174915 0.983139 0.000000 0.000000 0.000000 0.000000 1.000000
0.999111 0.039977 0.013409 0.000000 -0.037007 0.983771 -0.175570 17.815800 -0.020210 0.174917 0.984376 0.000000 0.000000 0.000000 0.000000 1.000000
0.999793 0.013486 -0.015268 0.000000 -0.015951 0.984433 -0.175038 17.815800 0.012669 0.175245 0.984443 0.000000 0.000000 0.000000 0.000000 1.000000
0.999063 -0.010581 -0.041969 0.000000 0.003045 0.984441 -0.175687 17.815800 0.043175 0.175395 0.983551 0.000000 0.000000 0.000000 0.000000 1.000000
0.997343 -0.030863 -0.065990 0.000000 0.018747 0.984049 -0.176905 17.815800 0.070398 0.175198 0.982013 0.000000 0.000000 0.000000 0.000000 1.000000
0.995133 -0.047324 -0.086432 0.000000 0.031306 0.983521 -0.178064 17.815800 0.093434 0.174492 0.980216 -0.000000 0.000000 0.000000 0.000000 1.000000
0.992942 -0.060404 -0.102068 0.000000 0.041405 0.982989 -0.178939 17.815800 0.111141 0.173450 0.978551 -0.000000 0.000000 0.000000 0.000000 1.000000
0.991235 -0.069191 -0.112541 0.000000 0.048069 0.982382 -0.180594 17.815800 0.123054 0.173601 0.977098 0.000000 0.000000 0.000000 0.000000 1.000000
0.990044 -0.075479 -0.118813 -0.000000 0.052894 0.981707 -0.182901 17.815800 0.130445 0.174796 0.975925 0.000000 0.000000 0.000000 0.000000 1.000000
0.989253 -0.080632 -0.121971 -0.000000 0.057092 0.980991 -0.185465 17.815800 0.134607 0.176508 0.975052 0.000000 0.000000 0.000000 0.000000 1.000000
0.988708 -0.084518 -0.123749 -0.000000 0.060287 0.980339 -0.187883 17.815800 0.137196 0.178301 0.974364 -0.000000 0.000000 0.000000 0.000000 1.000000
0.988529 -0.086144 -0.124056 0.000000 0.061588 0.979912 -0.189683 17.815800 0.137904 0.179867 0.973977 0.000000 0.000000 0.000000 0.000000 1.000000
0.988515 -0.086927 -0.123620 -0.000000 0.062177 0.979507 -0.191575 17.815800 0.137739 0.181688 0.973662 -0.000000 0.000000 0.000000 0.000000 1.000000
0.988697 -0.086855 -0.122209 0.000000 0.062037 0.979051 -0.193934 17.815800 0.136493 0.184161 0.973373 -0.000000 0.000000 0.000000 0.000000 1.000000
0.989355 -0.084797 -0.118259 0.000000 0.060222 0.978403 -0.197741 17.815800 0.132473 0.188514 0.973095 0.000000 0.000000 0.000000 0.000000 1.000000
0.990469 -0.080180 -0.111996 0.000000 0.056274 0.977709 -0.202281 17.815800 0.125719 0.194051 0.972902 0.000000 0.000000 0.000000 0.000000 1.000000
0.991767 -0.073659 -0.104748 0.000000 0.050921 0.977399 -0.205180 17.815800 0.117494 0.198156 0.973103 0.000000 0.000000 0.000000 0.000000 1.000000
0.993383 -0.065327 -0.094456 0.000000 0.044944 0.977996 -0.203727 17.815800 0.105687 0.198134 0.974461 0.000000 0.000000 0.000000 0.000000 1.000000
0.995135 -0.055321 -0.081523 -0.000000 0.037926 0.978803 -0.201261 17.815800 0.090929 0.197190 0.976139 0.000000 0.000000 0.000000 0.000000 1.000000
0.996794 -0.043745 -0.066986 0.000000 0.029780 0.979984 -0.196837 17.815800 0.074256 0.194211 0.978145 0.000000 0.000000 0.000000 0.000000 1.000000
0.998226 -0.030676 -0.051033 0.000000 0.020631 0.982176 -0.186826 17.815800 0.055855 0.185441 0.981067 0.000000 0.000000 0.000000 0.000000 1.000000
0.999413 -0.011571 -0.032250 -0.000000 0.005822 0.984912 -0.172957 17.815800 0.033764 0.172668 0.984401 0.000000 0.000000 0.000000 0.000000 1.000000
0.999943 0.004853 -0.009507 -0.000000 -0.006326 0.986825 -0.161666 17.815800 0.008597 0.161717 0.986800 0.000000 0.000000 0.000000 0.000000 1.000000
0.999651 0.021218 0.015750 -0.000000 -0.018457 0.987198 -0.158427 17.815800 -0.018910 0.158081 0.987245 0.000000 0.000000 0.000000 0.000000 1.000000
0.998507 0.037410 0.039810 0.000000 -0.030431 0.986094 -0.163376 17.815800 -0.045368 0.161921 0.985760 0.000000 0.000000 0.000000 0.000000 1.000000</float_array>
        <technique_common>
          <accessor source="#mixamorig_Spine2-Matrix-animation-output-transform-array" count="43" stride="16">
            <param type="float4x4"/>
          </accessor>
        </technique_common>
      </source>
      <source id="mixamorig_Spine2-Interpolations">
        <Name_array id="mixamorig_Spine2-Interpolations-array" count="43">
 LINEAR LINEAR LINEAR LINEAR LINEAR LINEAR LINEAR LINEAR LINEAR LINEAR LINEAR
LINEAR LINEAR LINEAR LINEAR LINEAR LINEAR LINEAR LINEAR LINEAR LINEAR LINEAR LINEAR
LINEAR LINEAR LINEAR LINEAR LINEAR LINEAR LINEAR LINEAR LINEAR LINEAR LINEAR LINEAR
LINEAR LINEAR LINEAR LINEAR LINEAR LINEAR LINEAR LINEAR</Name_array>
        <technique_common>
          <accessor source="#mixamorig_Spine2-Interpolations-array" count="43">
            <param type="name"/>
          </accessor>
        </technique_common>
      </source>
      <sampler id="mixamorig_Spine2-Matrix-animation-transform">
        <input semantic="INPUT" source="#mixamorig_Spine2-Matrix-animation-input"/>
        <input semantic="OUTPUT" source="#mixamorig_Spine2-Matrix-animation-output-transform"/>
        <input semantic="INTERPOLATION" source="#mixamorig_Spine2-Interpolations"/>
      </sampler>
      <channel source="#mixamorig_Spine2-Matrix-animation-transform" target="mixamorig_Spine2/matrix"/>
    </animation>
    <animation id="mixamorig_Neck-anim" name="mixamorig_Neck">
      <source id="mixamorig_Neck-Matrix-animation-input">
        <float_array id="mixamorig_Neck-Matrix-animation-input-array" count="43">

0.000000 0.033333 0.066667 0.100000 0.133333 0.166667 0.200000 0.233333 0.266667 0.300000 0.333333 0.366667 0.400000 0.433333 0.466667 0.500000
0.533333 0.566667 0.600000 0.633333 0.666667 0.700000 0.733333 0.766667 0.800000 0.833333 0.866667 0.900000 0.933333 0.966667 1.000000 1.033333
1.066667 1.100000 1.133333 1.166667 1.200000 1.233333 1.266667 1.300000 1.333333 1.366667 1.400000</float_array>
        <technique_common>
          <accessor source="#mixamorig_Neck-Matrix-animation-input-array" count="43">
            <param name="TIME" type="float"/>
          </accessor>
        </technique_common>
      </source>
      <source id="mixamorig_Neck-Matrix-animation-output-transform">
        <float_array id="mixamorig_Neck-Matrix-animation-output-transform-array" count="688">

0.999254 0.015940 -0.035172 0.000000 -0.013258 0.997079 0.075215 39.117599 0.036269 -0.074693 0.996547 11.977000 0.000000 0.000000 0.000000 1.000000
0.999021 0.018976 -0.039966 0.000000 -0.015706 0.996623 0.080603 39.117599 0.041361 -0.079896 0.995945 11.977000 0.000000 0.000000 0.000000 1.000000
0.998826 0.020895 -0.043694 0.000000 -0.017014 0.996029 0.087391 39.117599 0.045346 -0.086545 0.995215 11.977000 0.000000 0.000000 0.000000 1.000000
0.998640 0.023954 -0.046304 -0.000000 -0.019452 0.995255 0.095340 39.117599 0.048368 -0.094310 0.994367 11.977000 0.000000 0.000000 0.000000 1.000000
0.998468 0.027729 -0.047892 0.000000 -0.022595 0.994258 0.104598 39.117599 0.050517 -0.103355 0.993361 11.977000 0.000000 0.000000 0.000000 1.000000
0.998315 0.031688 -0.048617 -0.000000 -0.025910 0.993004 0.115201 39.117599 0.051927 -0.113747 0.992152 11.977000 0.000000 0.000000 0.000000 1.000000
0.998192 0.035263 -0.048678 -0.000000 -0.028831 0.991480 0.127027 39.117599 0.052743 -0.125394 0.990704 11.977000 0.000000 0.000000 0.000000 1.000000
0.998114 0.037927 -0.048269 0.000000 -0.030849 0.989705 0.139758 39.117599 0.053073 -0.138005 0.989009 11.977000 0.000000 0.000000 0.000000 1.000000
0.998097 0.039272 -0.047538 0.000000 -0.031585 0.987744 0.152852 39.117599 0.052958 -0.151060 0.987105 11.977000 0.000000 0.000000 0.000000 1.000000
0.998152 0.039068 -0.046546 -0.000000 -0.030861 0.985716 0.165562 39.117599 0.052349 -0.163819 0.985100 11.977000 0.000000 0.000000 0.000000 1.000000
0.998279 0.037291 -0.045250 0.000000 -0.028728 0.983796 0.176974 39.117599 0.051117 -0.175369 0.983175 11.977000 0.000000 0.000000 0.000000 1.000000
0.998471 0.034127 -0.043496 0.000000 -0.025464 0.982201 0.186099 39.117599 0.049073 -0.184706 0.981568 11.977000 0.000000 0.000000 0.000000 1.000000
0.998709 0.029936 -0.041041 0.000000 -0.021521 0.981163 0.191978 39.117599 0.046015 -0.190847 0.980541 11.977000 0.000000 0.000000 0.000000 1.000000
0.998975 0.025195 -0.037596 -0.000000 -0.017445 0.980884 0.193808 39.117599 0.041760 -0.192953 0.980319 11.977000 0.000000 0.000000 0.000000 1.000000
0.999251 0.020425 -0.032882 0.000000 -0.013775 0.981485 0.191045 39.117599 0.036175 -0.190449 0.981030 11.977000 0.000000 0.000000 0.000000 1.000000
0.999514 0.016109 -0.026702 0.000000 -0.010939 0.982958 0.183503 39.117599 0.029203 -0.183121 0.982657 11.977000 0.000000 0.000000 0.000000 1.000000
0.999740 0.012620 -0.018997 0.000000 -0.009179 0.985157 0.171409 39.117599 0.020878 -0.171190 0.985017 11.977000 0.000000 0.000000 0.000000 1.000000
0.999899 0.010169 -0.009887 0.000000 -0.008510 0.987810 0.155431 39.117599 0.011347 -0.155331 0.987797 11.977000 0.000000 0.000000 0.000000 1.000000
0.999961 0.008772 0.000308 0.000000 -0.008732 0.990580 0.136657 39.117599 0.000894 -0.136655 0.990618 11.977000 0.000000 0.000000 0.000000 1.000000
0.999905 0.008244 0.011092 0.000000 -0.009481 0.993142 0.116531 39.117599 -0.010055 -0.116625 0.993125 11.977000 0.000000 0.000000 0.000000 1.000000
0.999728 0.008230 0.021840 0.000000 -0.010306 0.995258 0.096724 39.117599 -0.020940 -0.096922 0.995072 11.977000 0.000000 0.000000 0.000000 1.000000
0.999458 0.008264 0.031879 -0.000000 -0.010761 0.996819 0.078973 39.117599 -0.031125 -0.079273 0.996367 11.977000 0.000000 0.000000 0.000000 1.000000
0.999146 0.007847 0.040570 0.000000 -0.010472 0.997838 0.064889 39.117599 -0.039973 -0.065259 0.997067 11.977000 0.000000 0.000000 0.000000 1.000000
